|Date|miners|%of nw hash rate|BTC|Ӿ|% of miners|Ӿ GH/s|% of pool hashrate|>=1 GH/s|<1 GH/s|avg in MH/s|med in MH/s|
|:-|:-|:-|:-|:-|:-|:-|:-|:-|:-|:-|:-|
|2021-12-31 12:00|78016|4.15|19917|16037|20.56|2983|8.08|303|15734|186|92|
|2021-12-30 12:00|78296|4.38|19852|16088|20.55|2995|7.89|318|15770|186|92|
|2021-12-29 12:00|78512|4.12|19793|16069|20.47|2955|7.96|312|15757|182|92|
|2021-12-28 12:00|78591|4.29|19771|16056|20.43|2995|7.92|318|15738|185|92|
|2021-12-27 12:00|78031|4.09|19558|15980|20.48|2945|8.03|311|15669|184|92|
|2021-12-26 12:00|77385|4.09|19347|15712|20.3|2908|8.05|298|15414|184|92|
|2021-12-25 12:00|77488|4.25|19319|15697|20.26|2909|7.77|307|15390|185|92|
|2021-12-24 12:00|78152|4.30|19445|15904|20.35|2927|7.69|294|15610|183|92|
|2021-12-23 12:00|77850|4.21|19448|15820|20.32|2886|8.1|301|15519|181|92|
|2021-12-22 12:00|79083|4.25|19515|15952|20.17|2920|7.66|302|15650|181|92|
|2021-12-21 12:00|78902|4.24|19413|15956|20.22|2938|7.91|301|15655|183|92|
|2021-12-20 12:00|78456|4.34|19218|15880|20.24|2908|8.15|300|15580|181|92|
|2021-12-19 12:00|77602|4.04|18983|15646|20.16|2890|8.1|305|15341|183|92|
|2021-12-18 12:00|77037|3.97|18743|15489|20.11|2867|8.02|298|15191|185|92|
|2021-12-17 12:00|76163|4.06|18366|15307|20.10|2779|7.99|292|15015|181|92|
|2021-12-16 12:00|75531|3.91|18126|15151|20.06|2764|7.99|287|14864|182|92|
|2021-12-15 12:00|76263|4.01|18122|15187|19.91|2752|7.91|286|14901|179|92|
|2021-12-14 12:00|76750|3.98|18132|15314|19.95|2769|7.91|282|15032|179|92|
|2021-12-13 12:00|76640|4.13|17913|15216|19.85|2752|7.85|290|14926|179|92|
|2021-12-12 12:00|74972|4.21|17445|14772|19.7|2734|7.98|280|14492|183|92|
|2021-12-11 12:00|75002|4.27|17369|14838|19.78|2744|7.86|262|14576|184|92|
|2021-12-10 12:00|74949|3.91|17206|14864|19.83|2670|7.88|269|14595|179|92|
|2021-12-09 12:00|74598|4.09|17142|14819|19.87|2676|7.75|277|14542|179|92|
|2021-12-08 12:00|74790|4.04|16931|14773|19.75|2743|7.89|271|14502|186|92|
|2021-12-07 12:00|74743|4.08|16756|14604|19.54|2660|7.67|283|14321|181|92|
|2021-12-06 12:00|73564|3.89|16394|14342|19.5|2604|7.79|276|14066|181|92|
|2021-12-05 12:00|72747|3.73|16067|14035|19.29|2549|7.72|266|13769|180|87|
|2021-12-04 12:00|72638|3.93|15949|13846|19.06|2458|7.59|245|13601|176|87|
|2021-12-03 12:00|72259|3.79|15625|13892|19.23|2456|7.58|256|13636|177|87|
|2021-12-02 12:00|72294|3.83|15619|13750|19.02|2443|7.48|249|13501|177|87|
|2021-12-01 12:00|71815|3.95|15431|13508|18.81|2408|7.53|245|13263|177|87|
|2021-11-30 12:00|71196|4.41|15306|13456|18.9|2385|7.47|238|13218|177|87|
|2021-11-29 12:00|71612|3.97|15110|13289|18.56|2339|7.2|219|13070|174|87|
|2021-11-28 12:00|70484|3.84|14819|12992|18.43|2299|7.31|225|12767|175|87|
|2021-11-27 12:00|70007|4.03|14644|12909|18.44|2281|7.07|211|12698|176|87|
|2021-11-26 12:00|70167|4.46|14475|12781|18.22|2245|6.86|202|12579|175|87|
|2021-11-25 12:00|69308|4.04|14290|12377|17.86|2178|7.22|209|12168|174|87|
|2021-11-24 13:10|70562|3.99|14526|12751|18.07|2714|8.36|228|12751|213|87|
|2021-11-23 12:00|70350|3.88|14367|12599|17.91|1885|5.98|240|12359|152|87|
|2021-11-22 12:00|69649|3.90|14246|12551|18.02|1895|5.92|239|12312|154|87|
|2021-11-21 12:00|68591|3.94|13994|12227|17.83|1858|5.97|237|11990|155|92|
|2021-11-20 12:00|68161|3.84|13773|12067|17.70|1827|6.02|234|11833|154|92|
|2021-11-19 12:00|68907|4.14|13762|12139|17.62|1812|5.72|241|11898|152|87|
|2021-11-18 12:00|69020|4.01|13678|12046|17.45|1829|5.31|222|11824|155|87|
|2021-11-17 12:00|69015|3.86|13517|11855|17.18|1771|5.75|238|11617|152|87|
|2021-11-16 12:00|67887|3.85|13160|11524|16.98|1739|5.71|215|11309|154|92|
|2021-11-15 12:00|65397|3.59|12626|11003|16.82|1653|5.62|201|10802|153|92|
|2021-11-14 12:00|65259|3.71|12238|10707|16.41|1614|5.46|204|10503|154|92|
|2021-11-13 12:00|65120|3.51|12083|10540|16.19|1602|5.43|199|10341|155|92|
|2021-11-12 12:00|64804|4.17|11835|10385|16.03|1571|4.8|192|10193|154|92|
|2021-11-11 12:00|63751|3.74|11444|10122|15.88|1533|5.21|197|9925|154|92|
|2021-11-10 12:00|63203|4.10|11166|9825|15.55|1480|4.61|195|9630|154|87|
|2021-11-09 12:00|64183|4.06|11134|9822|15.3|1487|4.8|187|9635|154|92|
|2021-11-08 12:00|63124|3.97|10674|9573|15.17|1452|4.8|189|9384|155|92|
|2021-11-07 12:00|61926|3.98|10276|9205|14.86|1389|4.64|181|9024|154|92|
|2021-11-06 12:00|61282|3.87|9943|8892|14.51|1348|4.69|179|8713|155|92|
|2021-11-05 12:00|60867|4.07|9517|8741|14.36|1319|4.23|168|8573|154|92|
|2021-11-04 12:00|60468|3.77|9178|8501|14.06|1278|4.61|166|8335|153|87|
|2021-11-03 12:00|59857|3.68|8713|8172|13.65|1233|4.47|166|8006|154|87|
|2021-11-02 12:00|58780|3.92|8263|7786|13.25|1168|4.13|166|7620|153|87|
|2021-11-01 12:00|56844|3.64|7847|7467|13.14|1119|4.18|161|7306|153|87|
|2021-10-31 12:00|57238|3.73|7434|7283|12.72|1101|4.14|145|7138|154|92|
|2021-10-30 12:00|56577|3.75|7001|6980|12.34|1055|3.96|136|6844|154|92|
|2021-10-29 12:00|56232|3.80|6440|6490|11.54|957|3.55|117|6373|150|87|
|2021-10-28 12:00|55783|3.40|5873|6193|11.10|900|3.5|105|6088|148|82|
|2021-10-27 12:00|55368|3.52|5423|5936|10.72|860|3.37|88|5848|147|87|
|2021-10-26 12:00|54897|3.38|5208|5673|10.33|816|3.26|88|5585|146|82|
|2021-10-25 12:00|53988|3.39|5000|5427|10.05|780|3.13|88|5339|146|82|
|2021-10-24 12:00|53366|3.37|4805|5182|9.71|751|3.06|72|5110|147|87|
|2021-10-23 12:00|52923|3.73|4639|5002|9.45|717|2.93|81|4921|146|87|
|2021-10-22 12:00|53539|3.64|4481|4923|9.2|702|2.8|85|4838|145|82|
|2021-10-21 12:00|52548|3.54|4173|4648|8.85|677|2.73|82|4566|148|82|
|2021-10-20 12:00|51951|?|3834|4390|8.45|638|2.56|87|4303|148|82|
|2021-10-19 12:00|51709|?|3554|4083|7.9|603|2.53|77|4006|151|87|
|2021-10-18 10:20|49470|?|2981|3488|7.05|509|1.99|75|3413|149|87|
|2021-10-17 11:50|48682|?|2548|2977|6.12|435|1.89|59|2918|149|87|
|2021-10-16 16:10|48041|?|2221|2688|5.6|393|1.71|60|2628|150|87|
|2021-10-15 14:20|47029|?|1751|2146|4.56|323|1.49|35|2111|153|87|
  
  
more details about the columns:  
1. date and time in UTC when the snapshots of https://eth.2miners.com/miners and https://2miners.com/eth-network-hashrate have been made  
2. total number of miners in the pool  
3. pool hash rate in percent of total network hash   
4. miners with BTC payout  
5. miners with Ӿ payout   
6. miners with Ӿ payout in % of all miners in the pool  
7. miners with Ӿ payout combined hash rate in GH/s  
8. miners with Ӿ payout in % of total pool hashrate  
9. miners with Ӿ payout at or above 1 GH/s  
10. miners with Ӿ payout at below 1 GH/s  
11. miners with Ӿ payout at average in MH/s  
12. miners with Ӿ payout at median in MH/s
